0000000000000000000000000000000000000000000000000000000000000000000000000000000
0000000000000000000000000000111111111111111111111110000000000000000000000000000
0000000000000000000000111111111111111111111111111111111100000000000000000000000
0000000000000000000111111111111111111111111111111111111111110000000000000000000
0000000000000000111111111111111100000000000000111111111111111110000000000000000
0000000000000111111111111000000000000000000000000000011111111111100000000000000
0000000000011111111110000000000000000000000000000011000001111111111000000000000
0000000001111111110000000000000000000000000000111110000000001111111110000000000
0000000011111111100000000000000000000000011111111100000000000011111111100000000
0000001111111110000000000000000000001111111111111100000000000000111111110000000
0000011111111000000000000000000111111111111111111000000000000000001111111100000
0000111111100000000000000001111111111111111111000000000000000000000111111110000
0001111111100000000000111111111111111111110000000000000000000000000011111110000
0001111110000000001111111111111111111110000000000001100000000000000001111111000
0011111110000111111111111111111110000000000000011111111100000000000000111111000
0011111100011111111111111111000000000000000011111111111111100000000000111111100
0111111100011111111111110000000000000000000000011111111111111000000000011111100
0111111100001111111000000000000000000000000000000011111111111111000000011111100
0111111100001111000000000000000000000000000000000000011111111111111000011111100
0111111100000111111111111111111111111111000000000000000111111111111111011111100
0111111100000011111111111111111111111111110000000000000000111111111111111111100
0011111110000011111111111111111111111111111100000000000000000111111111111111100
0011111110000000000000000000000111111111111110000000000000000000111111111111000
0001111111000000000000000000000000011111111111100000000000000000000111111111000
0000111111100000000000000000000000000111111111110000000000000000000001111110000
0000111111110000000000000000000000000001111111111100000000000000000000001100000
0000011111111000000000000000000000000000111111111110000000000000000000000000000
0000000111111110000000000000000000000000001111111111000000000000000000000000000
0000000011111111100000000000000000000000000111111111110000000000000000000000000
0000000000111111111100000000000000000000000011111111111000000000000000000000000
0000000000001111111111100000000000000000000001111111111110000000000000000000000
0000000000000011111111111111000000000000000000011111111111000000000000000000000
0000000000000000011111111111111111100000000011111111111111100000000000000000000
0000000000000000000011111111111111111111111111111111111110000000000000000000000
0000000000000000000000000011111111111111111111111111000000000000000000000000000
0000000000000000000000000000000000000000000000000000000000000000000000000000000